1101101111
111110100111000
1111100000011001000
111000110100101001
00000100111010100000
1110001110000010111100101001111
1111110010001001110101011001
000000000100111000
000001000110010111111010
100000001101111001010001
1110111110110
11000000000011010001110010
001111111100101110010000
1101101101111101110100
110111011001000011111
000000100001101001001011101111001
1011010100110101010110001101111
00101010100111010110000110011011111
11111111000110010000010001101001
11000001010000100101
111011011110001010100011
0111111111111011000100100001000001
100000000010001001
10000001101011110
1100000001110010000
1000000001110011
0111111011011101
1100100001011110100111
1111011110011000100111110
0010010001010110001
00010010000110011110010
000010000010
0001000001001011
000100010011010111
1010111001010011111110
101001101010110000110001
000000101110110111100
000000010100010010001111011011100
1010110101011010001101110110
11010101011
11010101001
11010101010001
1101010101111
00101001110010110101001000001
11110000111001011
0111110000100011001110
011111000101011000101001
10000111100000010101100101
1000011100000100010000110
1110111011000100100001
1100010111101101001
1110101111010010000110100011
001100010011010111
10111011000100001001
00101101001110101101001
1101011000110101001010110111
111010101111010110001
001111000111110010000110
001111101001111001101110
011101110
011101101
011101111101
0111011111100
00010001001
00010010
000100001
111011110
00000010010001111101101
1110011110001010011
0010001100001011
1101000101001011
101100010100
110001001011
00011010010
11101001110100
00111111101001110
0011111111101
00111111111101
001111111111110001
10000000000011
0100010110
1101111011011010
1101111101110010110
0100101001110
01001110110
1111001010001101011
0110000101110010110
111001011000101011
11010011101001
000101000010
000000110
000000011
111111101
1111111101
000000111
11000010000010
0100010010100110001
01010010110000
11010010110001
101010100001111
10
100
1000
10000
100000
1100
11000
110000
1110
11100
111000
1110000
11100000
11110
111100
1111000
11110000
111100000
01
01111
011111
110001010000110111
11011111011100
00
1001
11111000001111110
0000111101011
11111000001111001
101011
10100
10110100
0101100111
1010011000
0000100010000101
000011110001
0000011110010001
00100001011
110111101000
1000010100
1010001001
111111000001111011111111
0000000111110000100000000
0000011110111000000
11111100001110000000
111111100000111101110111001111111001111000111111101110011
10011001111
10010001111111
1111111100111
0000011111111
